0 1 0.39
0 2 0.71
0 3 0.53
0 4 0.61
0 5 0.62
0 6 0.7
0 7 0.43
0 8 0.66
0 9 0.44
2 10 0.71
2 11 0.32
2 12 0.5
2 13 0.49
2 14 0.54
2 15 0.53
2 16 0.34
2 17 0.44
2 18 0.36
2 19 0.39
6 20 0.45
7 21 0.31
7 22 0.4
7 23 0.51
7 24 0.34
7 25 0.31
7 26 0.27
7 27 0.41
7 28 0.33
7 29 0.41
7 30 0.53
8 31 0.68
8 32 0.26
8 33 0.5
8 34 0.55
8 35 0.62
8 36 0.73
8 37 0.54
8 38 0.32
8 39 0.55
8 40 0.27
9 41 0.35
9 42 0.6
9 43 0.73
9 44 0.44
9 45 0.35
9 46 0.75
9 47 0.72
9 48 0.64
10 49 0.69
10 50 0.51
10 51 0.4
10 52 0.71
10 53 0.26
10 54 0.58
10 55 0.72
10 56 0.75
10 57 0.61
10 58 0.74
16 59 0.41
16 60 0.72
16 61 0.36
16 62 0.59
16 63 0.36
16 64 0.51
16 65 0.71
16 66 0.72
16 67 0.52
16 68 0.7
16 69 0.46
16 70 0.31
16 71 0.35
16 72 0.69
16 73 0.7
16 74 0.28
16 75 0.26
16 76 0.75
16 77 0.39
16 78 0.41
16 79 0.42
16 80 0.61
16 81 0.58
16 82 0.6
16 83 0.31
16 84 0.6
16 85 0.45
16 86 0.49
17 87 0.67
17 88 0.7
17 89 0.73
17 90 0.3
17 91 0.44
17 92 0.66
17 93 0.63
17 94 0.3
17 95 0.67
17 96 0.34
19 97 0.57
19 98 0.74
19 99 0.67
19 100 0.27
19 101 0.37
19 102 0.52
19 103 0.53
19 104 0.31
19 105 0.62
19 106 0.53
21 107 0.34
21 108 0.45
23 109 0.53
23 110 0.26
23 111 0.51
23 112 0.36
23 113 0.64
23 114 0.65
23 115 0.44
23 116 0.3
23 117 0.56
23 118 0.55
25 119 0.49
25 120 0.44
25 121 0.45
25 122 0.61
25 123 0.67
25 124 0.7
25 125 0.59
25 126 0.43
25 127 0.43
25 128 0.54
27 129 0.51
27 130 0.67
27 131 0.7
27 132 0.72
27 133 0.4
29 134 0.62
29 135 0.62
29 136 0.51
29 137 0.73
29 138 0.71
31 109 0.43
31 139 0.74
31 140 0.37
31 141 0.5
31 142 0.27
31 143 0.49
31 144 0.62
31 145 0.48
31 113 0.6
31 146 0.35
36 147 0.56
36 148 0.73
36 149 0.71
36 150 0.26
36 151 0.27
36 4 0.72
36 152 0.26
36 153 0.45
36 5 0.39
36 154 0.56
37 155 0.56
37 156 0.3
37 157 0.61
37 158 0.72
37 159 0.41
37 160 0.49
37 161 0.46
37 162 0.41
37 163 0.46
37 164 0.52
40 31 0.37
40 165 0.47
40 146 0.55
40 166 0.35
40 91 0.5
40 167 0.73
40 168 0.48
40 169 0.66
40 170 0.59
40 171 0.38
46 172 0.65
46 173 0.28
46 174 0.74
46 175 0.74
46 176 0.25
47 177 0.35
47 178 0.55
47 179 0.28
49 180 0.36
49 110 0.54
49 50 0.32
49 111 0.43
49 181 0.43
49 182 0.29
49 144 0.7
49 183 0.67
49 184 0.57
49 185 0.33
50 186 0.54
50 187 0.66
50 140 0.68
50 181 0.7
50 188 0.55
50 189 0.5
50 183 0.3
50 114 0.62
50 190 0.4
50 191 0.38
51 192 0.53
51 193 0.46
51 194 0.31
51 195 0.68
51 196 0.57
51 197 0.43
51 198 0.3
51 199 0.27
51 200 0.34
52 201 0.45
52 202 0.28
52 203 0.66
52 204 0.37
52 205 0.3
52 206 0.56
52 207 0.72
52 208 0.26
52 209 0.28
52 210 0.74
53 211 0.29
53 212 0.36
53 12 0.38
53 213 0.4
53 214 0.34
53 215 0.64
53 216 0.3
53 217 0.33
53 218 0.32
53 219 0.61
54 220 0.52
54 221 0.7
54 222 0.28
54 223 0.57
54 224 0.69
54 225 0.67
54 226 0.49
54 227 0.27
54 228 0.73
54 229 0.3
55 230 0.63
55 231 0.69
55 232 0.62
55 233 0.61
55 234 0.47
55 235 0.54
55 236 0.42
55 237 0.54
55 238 0.51
55 239 0.67
56 240 0.32
56 241 0.49
56 242 0.54
56 243 0.56
56 244 0.26
56 245 0.67
56 246 0.41
56 247 0.72
56 248 0.36
57 249 0.36
57 250 0.31
57 251 0.42
57 252 0.47
57 253 0.71
58 119 0.71
58 254 0.47
58 255 0.37
58 256 0.29
58 257 0.64
58 258 0.32
58 259 0.44
58 260 0.47
58 261 0.74
58 262 0.32
60 21 0.58
60 263 0.25
60 264 0.44
60 265 0.58
60 266 0.56
60 107 0.36
60 55 0.73
60 267 0.7
60 268 0.6
61 269 0.53
61 270 0.47
61 271 0.31
61 272 0.34
61 123 0.72
61 273 0.54
61 274 0.69
61 275 0.36
61 276 0.64
61 277 0.63
62 278 0.32
62 279 0.57
62 280 0.74
62 281 0.34
62 282 0.49
62 283 0.5
62 284 0.49
62 285 0.49
62 286 0.59
63 287 0.65
63 288 0.4
63 289 0.64
63 290 0.28
63 291 0.39
63 292 0.3
63 293 0.52
63 294 0.36
63 295 0.56
63 296 0.61
65 180 0.36
65 297 0.56
65 49 0.28
65 298 0.5
65 299 0.32
65 140 0.69
65 142 0.45
65 300 0.38
65 184 0.43
65 114 0.74
66 301 0.33
66 302 0.66
66 303 0.61
66 304 0.29
66 305 0.25
66 306 0.5
66 307 0.6
66 308 0.74
66 309 0.54
74 310 0.41
74 64 0.68
74 311 0.69
74 159 0.42
84 109 0.27
84 49 0.71
84 298 0.31
84 146 0.36
86 41 0.5
87 111 0.59
87 31 0.74
87 146 0.57
87 118 0.41
93 125 0.3
98 155 0.7
100 204 0.72
100 259 0.74
101 249 0.52
109 297 0.3
109 299 0.34
109 140 0.52
109 189 0.28
109 300 0.41
109 113 0.64
109 114 0.64
110 111 0.51
110 113 0.52
110 116 0.58
110 118 0.42
111 31 0.32
111 188 0.47
111 145 0.63
111 183 0.35
111 184 0.31
111 51 0.62
111 146 0.73
111 191 0.49
113 186 0.53
113 49 0.67
113 299 0.34
113 189 0.48
113 183 0.31
115 301 0.52
115 66 0.69
116 297 0.39
116 186 0.62
116 299 0.63
116 140 0.67
116 111 0.26
116 183 0.66
120 301 0.29
130 146 0.61
133 68 0.69
141 297 0.45
141 186 0.39
141 49 0.6
141 187 0.33
141 188 0.58
141 112 0.39
141 183 0.29
141 61 0.65
142 50 0.52
142 181 0.31
142 51 0.71
146 0 0.75
147 109 0.49
147 141 0.73
147 144 0.38
147 113 0.58
147 51 0.55
155 136 0.36
155 200 0.42
156 69 0.31
162 144 0.45
166 165 0.7
180 68 0.66
181 110 0.38
182 140 0.66
182 300 0.38
182 183 0.66
182 190 0.68
183 109 0.51
183 110 0.59
183 300 0.61
183 165 0.61
183 146 0.31
184 32 0.72
185 299 0.28
185 184 0.49
185 190 0.3
185 244 0.43
185 305 0.72
187 186 0.45
187 49 0.39
187 111 0.51
187 182 0.56
187 112 0.69
187 184 0.39
189 49 0.25
189 143 0.35
189 116 0.74
190 187 0.74
190 145 0.47
190 113 0.5
197 153 0.72
203 109 0.7
203 298 0.29
203 111 0.3
203 141 0.36
203 300 0.31
203 61 0.41
203 146 0.34
206 192 0.68
210 177 0.67
212 290 0.72
213 109 0.54
213 187 0.62
213 182 0.59
213 112 0.59
213 190 0.37
213 115 0.71
218 98 0.62
230 42 0.34
232 22 0.55
239 186 0.69
239 49 0.26
239 187 0.37
239 31 0.31
243 207 0.36
245 158 0.25
249 90 0.49
250 235 0.31
255 62 0.32
255 117 0.56
262 180 0.4
262 49 0.71
262 299 0.72
262 111 0.6
262 142 0.43
272 251 0.57
273 19 0.48
274 271 0.6
274 273 0.67
274 74 0.72
279 90 0.58
283 230 0.61
286 147 0.31
291 87 0.54
293 298 0.28
293 50 0.29
293 111 0.69
293 181 0.68
293 182 0.43
293 183 0.39
293 61 0.51
299 190 0.46
300 189 0.66
300 213 0.46
302 278 0.4
308 90 0.4
