0 1 0.27
0 2 0.39
1 3 0.49
1 4 0.51
1 5 0.43
1 6 0.54
1 7 0.47
1 8 0.62
1 9 0.72
2 10 0.45
2 11 0.7
2 12 0.3
2 13 0.63
2 14 0.64
2 15 0.71
2 16 0.67
2 17 0.39
2 18 0.42
2 19 0.4
2 20 0.33
2 21 0.42
2 22 0.25
2 23 0.37
2 24 0.35
2 25 0.65
2 26 0.26
2 27 0.63
2 28 0.46
3 29 0.42
3 30 0.73
3 31 0.74
3 32 0.26
3 33 0.7
3 34 0.37
3 35 0.31
3 36 0.6
7 31 0.47
7 37 0.65
7 38 0.44
7 39 0.41
7 40 0.32
7 41 0.45
7 42 0.57
7 43 0.67
7 44 0.7
7 45 0.36
7 46 0.55
7 47 0.37
7 48 0.35
7 49 0.67
7 50 0.74
7 51 0.62
7 52 0.74
7 53 0.5
7 54 0.47
7 55 0.35
7 56 0.57
7 57 0.51
7 58 0.61
7 59 0.67
7 60 0.35
7 61 0.52
7 62 0.73
7 63 0.26
7 64 0.65
7 65 0.69
7 66 0.51
8 14 0.62
8 67 0.39
8 41 0.31
8 43 0.61
8 68 0.61
8 69 0.31
8 70 0.49
8 71 0.26
8 72 0.74
8 73 0.7
8 74 0.6
8 75 0.68
8 76 0.52
8 77 0.39
8 78 0.45
11 79 0.59
11 80 0.26
11 81 0.49
11 82 0.45
11 83 0.36
11 84 0.54
11 85 0.58
11 86 0.28
11 87 0.48
11 88 0.27
12 89 0.49
12 90 0.49
12 91 0.47
12 92 0.37
12 1 0.31
12 93 0.74
12 94 0.53
12 95 0.5
12 96 0.49
12 97 0.67
12 2 0.51
12 98 0.6
12 99 0.5
12 67 0.45
12 100 0.35
12 38 0.7
12 21 0.71
12 101 0.58
12 102 0.34
12 103 0.54
12 104 0.33
12 34 0.65
12 105 0.27
12 106 0.26
13 107 0.75
13 108 0.56
13 14 0.73
13 109 0.6
13 110 0.66
13 111 0.26
13 98 0.41
13 112 0.41
13 113 0.35
13 114 0.35
13 32 0.43
13 115 0.3
13 116 0.48
14 117 0.37
14 118 0.43
14 119 0.36
14 120 0.27
14 121 0.57
14 122 0.73
14 123 0.4
14 94 0.27
14 124 0.28
14 125 0.38
14 126 0.64
14 127 0.68
14 45 0.46
14 128 0.38
15 129 0.33
15 130 0.56
15 131 0.32
15 12 0.6
15 95 0.53
15 132 0.62
15 133 0.35
15 134 0.47
15 135 0.36
15 113 0.51
15 136 0.45
15 21 0.74
15 137 0.4
15 138 0.73
15 139 0.37
15 33 0.61
15 140 0.45
15 141 0.35
15 142 0.61
15 70 0.47
15 143 0.73
15 144 0.72
16 107 0.41
16 145 0.33
16 146 0.4
16 147 0.27
16 31 0.47
16 98 0.43
16 148 0.26
16 32 0.54
16 149 0.32
16 150 0.62
16 151 0.65
16 152 0.65
16 153 0.38
16 154 0.53
16 155 0.51
16 156 0.52
16 157 0.42
16 8 0.49
16 158 0.47
16 159 0.57
16 160 0.45
16 161 0.68
16 162 0.48
16 163 0.61
17 164 0.29
17 29 0.32
17 165 0.71
17 30 0.69
17 166 0.63
17 16 0.43
17 167 0.64
17 168 0.32
17 38 0.52
17 137 0.58
17 169 0.39
17 170 0.37
17 156 0.57
17 171 0.59
17 172 0.29
17 173 0.49
17 174 0.3
17 175 0.65
18 176 0.68
18 177 0.57
19 178 0.49
19 179 0.57
19 180 0.73
19 181 0.36
19 182 0.33
20 89 0.27
20 183 0.65
20 184 0.63
20 120 0.47
20 185 0.37
20 186 0.63
20 145 0.56
20 187 0.43
20 188 0.38
20 189 0.75
20 190 0.44
20 191 0.52
20 192 0.63
20 193 0.62
20 138 0.41
20 180 0.56
20 32 0.33
20 194 0.75
20 149 0.46
20 195 0.64
20 103 0.71
20 196 0.41
20 197 0.35
20 198 0.54
20 199 0.38
20 200 0.6
20 177 0.31
20 201 0.65
20 202 0.53
20 203 0.5
20 204 0.48
20 205 0.31
21 206 0.51
21 141 0.46
21 207 0.46
21 208 0.37
21 36 0.58
22 209 0.25
22 210 0.48
22 211 0.3
22 212 0.42
25 213 0.58
25 214 0.74
25 215 0.6
25 216 0.69
25 164 0.66
25 186 0.39
25 217 0.57
25 218 0.39
25 219 0.41
25 220 0.55
25 17 0.48
25 221 0.74
25 222 0.58
25 168 0.31
25 100 0.73
25 223 0.34
25 224 0.65
25 141 0.67
25 225 0.45
25 226 0.38
25 227 0.3
25 228 0.62
25 170 0.46
25 85 0.4
25 229 0.46
25 230 0.26
25 231 0.5
25 232 0.63
25 4 0.33
25 5 0.7
25 233 0.54
25 234 0.6
25 235 0.44
25 236 0.7
25 161 0.27
26 237 0.28
28 222 0.34
29 238 0.53
29 239 0.69
29 240 0.46
29 241 0.43
29 90 0.55
29 122 0.64
29 242 0.61
29 243 0.49
29 244 0.61
29 245 0.52
29 93 0.25
29 246 0.54
29 94 0.28
29 247 0.63
29 248 0.69
29 249 0.73
29 109 0.45
29 250 0.58
29 251 0.71
29 252 0.67
29 219 0.55
29 253 0.47
29 83 0.53
29 16 0.34
29 254 0.66
29 255 0.37
29 256 0.43
29 191 0.67
29 257 0.43
29 258 0.42
29 168 0.66
29 148 0.32
29 38 0.4
29 193 0.49
29 259 0.58
29 260 0.37
29 101 0.51
29 261 0.35
29 262 0.47
29 263 0.72
29 264 0.55
29 150 0.29
29 265 0.51
29 266 0.42
29 27 0.71
29 267 0.63
29 268 0.61
29 269 0.37
29 270 0.32
29 271 0.34
29 272 0.25
30 273 0.42
30 89 0.66
30 274 0.29
30 29 0.26
30 244 0.49
30 130 0.61
30 275 0.71
30 245 0.61
30 276 0.35
30 277 0.39
30 278 0.63
30 279 0.59
30 12 0.61
30 280 0.44
30 247 0.43
30 132 0.38
30 252 0.6
30 189 0.62
30 281 0.5
30 67 0.56
30 282 0.51
30 283 0.52
30 176 0.36
30 284 0.63
30 136 0.58
30 125 0.63
30 285 0.63
30 286 0.25
30 287 0.4
30 224 0.28
30 263 0.27
30 141 0.55
30 288 0.45
30 289 0.42
30 290 0.52
30 41 0.65
30 44 0.26
30 69 0.69
30 291 0.6
30 292 0.51
30 293 0.25
30 294 0.29
30 295 0.75
30 296 0.34
30 297 0.42
30 298 0.27
30 299 0.59
30 87 0.28
30 36 0.38
31 79 0.47
31 300 0.59
31 301 0.29
31 302 0.71
31 303 0.63
31 304 0.6
31 305 0.65
31 306 0.38
31 178 0.51
31 307 0.68
31 29 0.56
31 186 0.45
31 131 0.52
31 187 0.64
31 308 0.49
31 146 0.32
31 11 0.75
31 123 0.52
31 278 0.64
31 93 0.48
31 280 0.45
31 309 0.4
31 310 0.59
31 97 0.34
31 311 0.59
31 250 0.64
31 312 0.36
31 313 0.29
31 314 0.47
31 2 0.58
31 188 0.66
31 252 0.71
31 111 0.41
31 315 0.54
31 67 0.48
31 0 0.53
31 316 0.67
31 134 0.5
31 284 0.39
31 221 0.52
31 317 0.65
31 318 0.29
31 319 0.36
31 222 0.55
31 320 0.37
31 168 0.58
31 321 0.62
31 136 0.59
31 322 0.66
31 323 0.72
31 324 0.65
31 325 0.6
31 259 0.45
31 125 0.59
31 326 0.4
31 327 0.45
31 140 0.36
31 328 0.26
31 329 0.71
31 263 0.6
31 330 0.36
31 25 0.52
31 169 0.35
31 126 0.41
31 288 0.6
31 331 0.72
31 332 0.44
31 333 0.44
31 196 0.3
31 151 0.37
31 334 0.39
31 335 0.52
31 336 0.64
31 337 0.37
31 232 0.41
31 338 0.59
31 5 0.71
31 339 0.73
31 340 0.61
31 341 0.63
31 154 0.69
31 342 0.28
31 343 0.39
31 68 0.7
31 344 0.55
31 345 0.72
31 346 0.28
31 347 0.55
31 348 0.36
31 158 0.42
31 349 0.28
31 350 0.45
31 351 0.56
31 352 0.29
31 353 0.64
31 354 0.33
31 355 0.69
31 356 0.37
31 292 0.68
31 357 0.5
31 358 0.7
31 293 0.5
31 359 0.65
31 360 0.7
31 361 0.73
31 362 0.42
31 363 0.35
31 236 0.67
31 364 0.54
31 365 0.67
31 366 0.35
31 367 0.68
31 368 0.55
31 163 0.67
31 369 0.54
31 76 0.71
31 370 0.29
31 57 0.31
31 371 0.61
31 372 0.5
31 373 0.68
31 374 0.42
31 375 0.31
31 376 0.4
31 377 0.4
31 203 0.66
31 378 0.75
31 77 0.37
31 379 0.59
31 380 0.69
31 381 0.46
31 382 0.39
31 383 0.64
31 384 0.26
31 385 0.49
31 386 0.7
31 387 0.56
31 388 0.31
31 389 0.59
31 390 0.54
31 391 0.64
31 392 0.37
31 393 0.53
31 394 0.65
31 395 0.47
31 396 0.47
31 397 0.6
31 398 0.55
31 399 0.5
31 400 0.37
31 401 0.72
31 402 0.26
31 403 0.68
31 404 0.5
31 405 0.42
33 406 0.64
33 101 0.66
33 407 0.38
33 160 0.71
33 408 0.71
34 409 0.56
34 188 0.53
34 167 0.68
34 43 0.44
34 350 0.44
34 410 0.36
34 411 0.4
34 412 0.63
34 144 0.51
35 309 0.38
35 413 0.62
35 38 0.5
35 414 0.7
35 153 0.52
35 155 0.4
35 415 0.36
35 416 0.38
35 355 0.58
35 417 0.27
35 418 0.28
38 419 0.35
38 164 0.45
38 29 0.73
38 247 0.46
38 248 0.33
38 165 0.29
38 420 0.46
38 30 0.73
38 31 0.38
38 99 0.59
38 421 0.44
38 193 0.59
38 285 0.5
38 224 0.57
38 422 0.26
38 264 0.55
38 423 0.74
38 228 0.29
38 424 0.49
38 343 0.75
38 7 0.37
38 155 0.4
38 425 0.52
38 426 0.29
38 427 0.38
38 348 0.6
38 428 0.46
38 9 0.4
38 429 0.72
38 58 0.42
38 211 0.29
38 430 0.66
38 431 0.7
38 432 0.64
38 396 0.45
38 433 0.43
38 434 0.73
38 36 0.36
38 65 0.42
39 409 0.61
39 96 0.54
39 148 0.39
39 423 0.63
39 104 0.29
39 343 0.68
39 435 0.5
39 56 0.49
40 436 0.64
40 437 0.71
41 214 0.74
41 305 0.49
41 121 0.31
41 185 0.65
41 147 0.67
41 123 0.68
41 14 0.55
41 17 0.7
41 190 0.48
41 32 0.26
41 194 0.51
41 414 0.66
41 25 0.31
41 84 0.72
41 438 0.65
41 439 0.55
41 440 0.61
41 441 0.26
41 442 0.26
41 407 0.7
41 127 0.37
41 156 0.62
41 443 0.49
41 69 0.3
41 444 0.4
41 71 0.43
41 46 0.4
41 158 0.72
41 445 0.38
41 416 0.68
41 446 0.45
41 411 0.47
41 447 0.62
41 106 0.73
41 448 0.71
41 449 0.26
41 450 0.29
41 369 0.49
41 451 0.73
41 452 0.47
41 453 0.27
41 376 0.32
41 270 0.47
41 454 0.33
41 455 0.57
41 456 0.28
41 457 0.47
41 382 0.54
41 458 0.55
41 393 0.6
41 459 0.49
41 460 0.72
41 401 0.34
41 461 0.38
41 402 0.51
41 462 0.47
41 65 0.36
42 419 0.62
42 147 0.58
42 463 0.28
42 125 0.28
42 194 0.42
42 290 0.67
42 336 0.41
42 153 0.39
42 440 0.59
42 464 0.49
42 154 0.28
42 104 0.46
42 127 0.67
42 415 0.37
42 8 0.39
42 234 0.66
42 465 0.29
42 466 0.51
42 447 0.44
42 358 0.33
42 360 0.67
42 467 0.38
42 76 0.61
42 468 0.48
43 30 0.28
43 413 0.52
43 327 0.66
43 469 0.37
43 332 0.61
43 470 0.26
43 471 0.33
43 68 0.6
43 444 0.39
43 472 0.46
43 350 0.45
43 473 0.37
43 106 0.36
43 474 0.71
43 74 0.66
43 360 0.26
43 55 0.68
43 475 0.4
43 450 0.66
43 163 0.64
43 369 0.41
43 452 0.7
43 476 0.45
43 477 0.55
43 478 0.47
43 479 0.7
43 202 0.25
43 480 0.33
43 481 0.61
44 482 0.73
44 302 0.37
44 483 0.53
44 240 0.64
44 305 0.41
44 484 0.51
44 249 0.67
44 485 0.52
44 38 0.3
44 259 0.55
44 423 0.47
44 486 0.28
44 424 0.65
44 289 0.57
44 487 0.71
44 488 0.56
44 489 0.38
44 69 0.46
44 490 0.63
44 71 0.4
44 8 0.32
44 158 0.26
44 491 0.63
44 353 0.33
44 355 0.27
44 293 0.43
44 171 0.72
44 492 0.44
44 161 0.6
44 493 0.53
44 86 0.37
44 211 0.47
44 59 0.52
44 460 0.26
44 494 0.29
45 121 0.47
45 14 0.37
45 37 0.48
45 421 0.52
45 317 0.56
45 495 0.51
45 224 0.57
45 232 0.37
45 440 0.49
45 154 0.46
45 44 0.67
45 425 0.58
45 496 0.7
45 415 0.73
45 71 0.33
45 46 0.48
45 497 0.35
45 498 0.61
45 499 0.33
45 159 0.4
45 500 0.44
45 53 0.43
45 163 0.46
45 501 0.58
45 502 0.43
45 503 0.45
45 504 0.42
45 505 0.29
45 506 0.35
45 507 0.57
45 508 0.38
45 509 0.66
45 510 0.29
45 511 0.56
45 512 0.54
45 513 0.39
46 240 0.67
46 10 0.66
46 514 0.69
46 147 0.34
46 515 0.68
46 67 0.28
46 333 0.6
46 516 0.45
46 153 0.49
46 40 0.42
46 517 0.49
46 442 0.56
46 518 0.26
46 344 0.44
46 45 0.45
46 34 0.52
46 519 0.38
46 444 0.6
46 71 0.74
46 472 0.33
46 520 0.55
46 210 0.49
46 106 0.37
46 521 0.6
46 268 0.55
46 74 0.28
46 522 0.41
46 436 0.57
46 368 0.28
46 523 0.35
46 524 0.42
46 525 0.45
46 526 0.39
46 527 0.27
46 528 0.33
46 529 0.32
47 79 0.71
47 483 0.38
47 341 0.74
47 342 0.33
47 530 0.71
47 531 0.38
47 53 0.71
47 532 0.29
47 115 0.6
47 533 0.64
47 534 0.26
47 535 0.42
47 503 0.54
47 392 0.33
47 506 0.36
49 477 0.49
49 375 0.57
50 333 0.48
50 335 0.49
50 360 0.51
50 161 0.63
53 100 0.62
53 70 0.58
55 361 0.25
56 528 0.42
58 304 0.68
58 330 0.37
58 341 0.36
58 297 0.38
58 382 0.7
58 430 0.65
58 431 0.53
59 527 0.54
60 79 0.3
60 304 0.69
60 341 0.32
60 211 0.3
60 87 0.55
60 208 0.31
62 63 0.57
68 73 0.37
68 268 0.37
69 31 0.61
69 42 0.73
69 44 0.5
69 7 0.27
69 70 0.44
69 472 0.32
69 143 0.58
69 448 0.5
71 213 0.73
71 96 0.35
71 322 0.29
71 414 0.33
71 516 0.35
71 154 0.29
71 473 0.67
71 411 0.26
71 521 0.52
71 53 0.39
71 76 0.61
71 204 0.57
71 66 0.57
72 324 0.42
72 423 0.28
72 424 0.4
72 152 0.37
72 45 0.49
72 210 0.64
72 296 0.59
72 211 0.61
72 384 0.31
72 87 0.72
73 302 0.49
73 178 0.57
73 96 0.28
73 31 0.75
73 259 0.73
73 333 0.67
73 516 0.65
73 424 0.5
73 39 0.38
73 440 0.28
73 34 0.29
73 70 0.5
73 348 0.4
73 472 0.66
73 354 0.64
73 357 0.6
73 448 0.41
73 74 0.39
73 161 0.54
73 368 0.64
73 386 0.42
75 224 0.3
75 45 0.35
75 233 0.42
75 70 0.67
75 348 0.62
75 161 0.36
77 366 0.26
77 480 0.61
78 398 0.45
78 507 0.61
79 238 0.48
79 240 0.4
79 222 0.32
79 141 0.33
80 300 0.32
80 119 0.4
80 215 0.46
80 13 0.7
80 280 0.74
80 221 0.35
80 38 0.68
80 103 0.43
80 407 0.53
80 234 0.37
80 235 0.37
81 89 0.28
81 166 0.51
81 86 0.33
89 484 0.54
89 222 0.53
89 113 0.64
89 153 0.35
89 70 0.67
89 444 0.45
89 352 0.3
89 361 0.62
90 300 0.54
90 239 0.6
90 274 0.61
90 92 0.61
90 224 0.65
90 33 0.35
90 520 0.61
91 117 0.37
91 129 0.26
91 240 0.73
91 89 0.3
91 274 0.74
91 1 0.55
91 245 0.6
91 187 0.6
91 146 0.6
91 276 0.25
91 94 0.42
91 206 0.62
91 251 0.66
91 15 0.71
91 83 0.32
91 99 0.74
91 67 0.47
91 176 0.33
91 321 0.65
91 325 0.33
91 21 0.7
91 286 0.51
91 261 0.25
91 263 0.71
91 264 0.49
91 235 0.5
92 243 0.59
92 278 0.49
92 110 0.61
92 136 0.53
92 193 0.67
93 117 0.44
93 81 0.3
93 166 0.38
94 122 0.6
94 276 0.26
94 14 0.65
95 300 0.26
95 241 0.35
95 164 0.36
95 92 0.32
95 122 0.31
95 11 0.74
95 147 0.41
95 217 0.38
95 206 0.41
95 132 0.38
95 188 0.53
95 111 0.46
95 281 0.44
95 318 0.63
95 167 0.58
95 323 0.54
95 326 0.25
95 327 0.36
95 224 0.66
95 140 0.56
95 422 0.31
95 288 0.28
95 264 0.48
95 227 0.44
95 486 0.38
95 341 0.72
95 70 0.31
95 473 0.73
95 235 0.65
95 268 0.65
95 171 0.37
95 361 0.49
95 295 0.55
95 57 0.47
95 372 0.43
95 379 0.64
95 36 0.69
96 276 0.27
96 246 0.43
96 95 0.51
96 206 0.6
96 82 0.53
96 0 0.42
96 38 0.72
96 336 0.7
96 41 0.51
97 257 0.62
97 33 0.74
97 169 0.25
97 42 0.5
99 14 0.39
99 96 0.66
99 206 0.26
99 33 0.63
99 41 0.63
99 411 0.43
99 106 0.48
99 161 0.33
99 128 0.26
100 80 0.51
100 320 0.48
100 327 0.35
100 70 0.59
101 29 0.41
101 247 0.72
101 97 0.36
101 266 0.27
102 185 0.73
102 200 0.32
104 516 0.35
104 152 0.57
104 341 0.5
104 68 0.64
104 7 0.55
104 45 0.6
104 357 0.69
104 52 0.62
104 500 0.3
104 389 0.4
105 153 0.3
105 499 0.3
105 211 0.59
106 310 0.3
106 96 0.48
106 141 0.46
106 290 0.38
106 153 0.68
106 45 0.62
108 240 0.71
108 13 0.71
108 422 0.57
108 70 0.64
108 477 0.35
109 14 0.27
109 71 0.44
109 472 0.29
109 350 0.6
109 368 0.44
109 371 0.75
110 90 0.42
110 164 0.34
110 81 0.73
110 148 0.47
110 114 0.33
110 289 0.66
110 198 0.54
110 348 0.32
110 497 0.7
111 184 0.28
111 131 0.69
111 125 0.36
111 169 0.42
111 288 0.31
111 42 0.67
111 143 0.52
111 236 0.52
111 76 0.39
112 6 0.31
115 41 0.67
115 156 0.62
115 236 0.44
115 437 0.41
115 429 0.45
115 493 0.62
115 201 0.27
115 173 0.63
115 480 0.53
115 430 0.56
118 186 0.36
118 3 0.66
118 27 0.65
118 5 0.5
119 117 0.47
119 302 0.35
119 184 0.46
119 275 0.32
119 166 0.43
119 167 0.66
119 321 0.64
119 150 0.52
119 289 0.7
119 44 0.5
119 343 0.64
119 70 0.68
120 122 0.35
120 14 0.6
120 260 0.57
120 137 0.5
120 86 0.32
121 47 0.34
121 106 0.7
121 211 0.49
121 66 0.36
122 117 0.41
122 238 0.57
122 215 0.47
122 186 0.66
122 94 0.26
122 206 0.25
122 166 0.65
122 125 0.58
122 138 0.62
122 424 0.47
122 362 0.43
125 120 0.65
125 286 0.48
125 180 0.42
125 196 0.61
125 341 0.5
125 445 0.75
125 87 0.74
125 494 0.57
126 213 0.52
126 307 0.75
126 216 0.7
126 29 0.66
126 484 0.31
126 131 0.62
126 187 0.59
126 309 0.74
126 188 0.68
126 17 0.29
126 406 0.5
126 20 0.66
126 148 0.67
126 327 0.64
126 331 0.75
126 150 0.66
126 266 0.44
126 103 0.28
126 85 0.25
126 196 0.41
126 439 0.33
126 154 0.39
126 70 0.6
126 498 0.35
126 267 0.57
126 293 0.45
126 36 0.7
127 327 0.52
127 150 0.64
127 423 0.49
129 117 0.6
129 124 0.47
130 123 0.44
130 14 0.71
130 113 0.68
130 407 0.43
130 106 0.44
131 302 0.46
131 240 0.5
131 93 0.54
131 515 0.55
131 190 0.58
131 191 0.26
131 38 0.28
131 259 0.46
131 224 0.35
131 141 0.66
131 424 0.5
131 154 0.59
131 518 0.62
131 45 0.67
131 444 0.51
131 533 0.45
131 430 0.43
132 301 0.48
132 13 0.43
132 252 0.59
132 281 0.45
132 99 0.44
132 176 0.51
132 19 0.71
132 260 0.43
132 125 0.33
132 180 0.63
132 288 0.26
132 40 0.35
132 517 0.66
132 70 0.29
132 348 0.65
132 50 0.6
132 162 0.71
132 36 0.72
133 79 0.62
133 273 0.58
133 300 0.55
133 214 0.34
133 482 0.33
133 129 0.54
133 304 0.36
133 1 0.34
133 123 0.46
133 463 0.62
133 13 0.57
133 217 0.51
133 247 0.7
133 14 0.49
133 515 0.33
133 312 0.64
133 188 0.37
133 252 0.59
133 220 0.26
133 282 0.68
133 176 0.47
133 191 0.34
133 20 0.57
133 192 0.62
133 38 0.44
133 193 0.26
133 328 0.3
133 149 0.61
133 263 0.57
133 24 0.62
133 141 0.63
133 102 0.57
133 423 0.54
133 424 0.68
133 196 0.49
133 229 0.66
133 334 0.6
133 230 0.27
133 231 0.72
133 290 0.36
133 336 0.69
133 337 0.4
133 232 0.65
133 439 0.57
133 489 0.72
133 444 0.75
133 352 0.62
133 416 0.72
133 177 0.65
133 520 0.32
133 267 0.52
133 54 0.52
133 171 0.72
133 362 0.67
133 236 0.62
133 364 0.57
133 429 0.58
133 366 0.61
133 270 0.39
133 204 0.28
133 77 0.38
133 480 0.63
133 382 0.57
133 401 0.32
134 318 0.72
134 152 0.32
134 234 0.4
135 166 0.57
135 234 0.55
139 29 0.42
139 197 0.65
142 131 0.52
142 249 0.28
142 6 0.28
142 104 0.73
143 290 0.73
143 487 0.58
143 447 0.47
143 162 0.42
145 419 0.33
145 120 0.34
145 219 0.3
145 328 0.39
145 25 0.62
145 153 0.65
145 499 0.45
145 236 0.44
145 454 0.35
145 533 0.52
147 213 0.55
147 215 0.61
147 240 0.33
147 89 0.47
147 164 0.74
147 122 0.27
147 29 0.35
147 131 0.51
147 308 0.35
147 11 0.35
147 14 0.31
147 96 0.56
147 249 0.39
147 250 0.69
147 206 0.66
147 188 0.52
147 99 0.31
147 421 0.57
147 222 0.71
147 100 0.57
147 20 0.66
147 148 0.34
147 324 0.66
147 260 0.42
147 125 0.31
147 285 0.29
147 287 0.25
147 194 0.57
147 141 0.62
147 84 0.32
147 150 0.52
147 423 0.55
147 85 0.37
147 424 0.25
147 39 0.4
147 27 0.59
147 154 0.65
147 407 0.5
147 518 0.72
147 343 0.55
147 415 0.36
147 348 0.52
147 71 0.44
147 46 0.67
147 445 0.48
147 352 0.4
147 72 0.72
147 210 0.5
147 466 0.74
147 447 0.61
147 53 0.26
147 363 0.29
147 294 0.51
147 436 0.3
147 366 0.49
147 367 0.33
147 163 0.54
147 451 0.35
147 452 0.51
147 202 0.46
147 77 0.48
147 524 0.54
147 388 0.71
147 389 0.61
147 391 0.47
147 432 0.27
147 459 0.69
147 208 0.27
147 66 0.73
150 29 0.41
151 17 0.75
151 285 0.61
151 150 0.25
151 143 0.58
152 79 0.35
152 14 0.69
152 249 0.73
152 67 0.31
152 406 0.26
152 259 0.36
152 32 0.7
152 486 0.58
152 424 0.3
152 197 0.6
152 351 0.62
152 353 0.62
152 72 0.73
152 473 0.69
152 363 0.3
152 294 0.35
152 364 0.55
152 435 0.64
152 501 0.4
152 76 0.74
152 452 0.56
152 408 0.37
152 456 0.72
152 211 0.47
152 457 0.64
152 506 0.71
152 404 0.4
153 120 0.32
153 310 0.34
153 311 0.54
153 67 0.5
153 320 0.52
153 332 0.45
153 442 0.54
153 518 0.35
153 472 0.48
153 351 0.66
153 354 0.26
153 428 0.45
153 106 0.3
153 361 0.29
153 75 0.71
153 493 0.42
153 115 0.39
153 128 0.28
153 87 0.68
155 300 0.63
155 310 0.35
155 100 0.51
155 141 0.39
155 516 0.48
155 209 0.72
155 43 0.47
155 442 0.58
155 407 0.65
155 519 0.26
155 71 0.74
155 49 0.42
155 466 0.52
155 54 0.63
155 449 0.55
155 367 0.73
155 57 0.49
155 375 0.28
155 77 0.7
155 509 0.37
155 65 0.49
156 302 0.65
156 305 0.65
156 146 0.47
156 80 0.51
156 96 0.43
156 249 0.4
156 485 0.46
156 31 0.27
156 37 0.69
156 421 0.64
156 38 0.57
156 327 0.3
156 141 0.64
156 331 0.26
156 265 0.42
156 486 0.71
156 424 0.45
156 335 0.58
156 517 0.45
156 464 0.71
156 339 0.5
156 44 0.57
156 407 0.46
156 7 0.38
156 344 0.32
156 45 0.34
156 233 0.71
156 489 0.63
156 472 0.5
156 46 0.54
156 47 0.6
156 8 0.53
156 158 0.39
156 349 0.74
156 49 0.64
156 416 0.46
156 410 0.46
156 50 0.47
156 160 0.67
156 51 0.41
156 521 0.3
156 358 0.37
156 448 0.49
156 449 0.27
156 55 0.7
156 475 0.3
156 363 0.74
156 236 0.31
156 181 0.74
156 436 0.72
156 429 0.43
156 365 0.73
156 369 0.65
156 56 0.56
156 172 0.69
156 57 0.72
156 375 0.43
156 376 0.45
156 204 0.64
156 456 0.31
156 116 0.6
156 533 0.33
156 60 0.36
156 298 0.52
156 524 0.37
156 383 0.49
156 535 0.39
156 389 0.48
156 504 0.64
156 459 0.73
156 88 0.41
156 527 0.34
156 403 0.45
156 468 0.5
156 66 0.33
158 37 0.55
158 289 0.59
158 40 0.54
158 339 0.54
158 156 0.64
158 233 0.65
158 531 0.32
158 294 0.7
158 296 0.49
158 203 0.61
158 408 0.54
158 60 0.35
158 63 0.56
158 397 0.62
164 238 0.56
164 29 0.63
164 186 0.56
164 147 0.68
164 123 0.7
164 80 0.26
164 463 0.46
164 13 0.49
164 96 0.41
164 420 0.37
164 31 0.61
164 195 0.27
164 266 0.58
164 289 0.7
164 8 0.37
164 159 0.54
165 169 0.66
165 429 0.28
167 286 0.71
167 261 0.72
167 141 0.56
167 350 0.68
167 383 0.47
168 25 0.66
168 486 0.62
168 232 0.7
168 407 0.58
168 45 0.46
168 70 0.54
168 445 0.43
168 491 0.38
168 74 0.35
169 422 0.27
169 288 0.54
169 70 0.59
170 29 0.69
170 422 0.72
172 351 0.52
172 450 0.53
172 298 0.5
172 524 0.73
173 451 0.53
173 479 0.67
174 531 0.51
174 383 0.3
174 386 0.72
174 394 0.71
178 259 0.44
178 407 0.31
178 343 0.4
178 69 0.46
178 348 0.34
178 291 0.4
178 445 0.75
178 355 0.73
178 74 0.69
178 500 0.28
178 295 0.65
178 501 0.74
178 527 0.44
178 208 0.52
179 29 0.4
179 422 0.39
179 150 0.38
179 103 0.68
179 70 0.54
181 65 0.67
183 29 0.63
183 167 0.31
183 100 0.26
183 290 0.63
183 70 0.74
183 358 0.43
184 308 0.59
184 220 0.28
184 160 0.38
186 146 0.54
186 31 0.4
186 360 0.38
187 409 0.52
187 14 0.71
187 96 0.57
187 97 0.37
187 252 0.62
187 31 0.41
187 406 0.65
187 20 0.48
187 32 0.74
187 262 0.61
187 41 0.41
187 233 0.34
187 35 0.63
187 411 0.32
187 171 0.56
187 236 0.45
187 373 0.47
187 378 0.44
187 379 0.32
187 387 0.68
188 29 0.48
188 131 0.54
188 280 0.62
188 312 0.5
188 132 0.41
188 16 0.46
188 321 0.57
188 259 0.58
188 424 0.55
188 289 0.72
188 151 0.29
188 464 0.48
188 340 0.71
188 44 0.54
188 351 0.29
188 161 0.39
188 364 0.46
188 205 0.53
189 470 0.75
189 236 0.68
189 366 0.61
189 493 0.56
189 77 0.36
191 129 0.25
191 240 0.52
191 184 0.6
191 122 0.55
191 188 0.5
191 220 0.47
191 99 0.51
191 148 0.38
191 21 0.4
191 286 0.7
191 196 0.34
191 415 0.6
191 354 0.56
191 48 0.65
191 498 0.55
191 177 0.51
191 58 0.27
193 419 0.68
193 240 0.54
193 186 0.33
193 515 0.31
193 314 0.69
193 70 0.47
194 530 0.39
194 354 0.33
195 439 0.61
196 79 0.33
196 232 0.56
196 70 0.43
201 486 0.64
201 210 0.69
201 436 0.37
201 202 0.64
201 204 0.49
206 14 0.32
206 99 0.55
206 318 0.46
206 180 0.31
206 141 0.56
209 231 0.45
209 106 0.52
209 358 0.56
210 240 0.5
210 217 0.47
210 515 0.47
210 469 0.63
210 265 0.39
210 486 0.64
210 209 0.7
210 153 0.37
210 43 0.74
210 154 0.65
210 442 0.64
210 518 0.74
210 496 0.7
210 489 0.44
210 69 0.51
210 70 0.73
210 291 0.64
210 158 0.53
210 465 0.7
210 105 0.63
210 268 0.42
210 74 0.36
210 449 0.3
210 171 0.61
210 363 0.41
210 295 0.66
210 365 0.25
210 479 0.66
210 270 0.32
210 456 0.29
210 60 0.61
210 534 0.42
210 63 0.48
210 387 0.49
210 394 0.45
210 397 0.31
210 212 0.52
211 141 0.44
211 265 0.37
211 341 0.57
211 115 0.69
211 87 0.58
212 404 0.48
213 89 0.47
213 157 0.54
215 103 0.26
215 341 0.28
216 25 0.25
217 245 0.53
217 463 0.68
217 248 0.66
217 95 0.68
217 166 0.58
217 188 0.38
217 252 0.33
217 101 0.7
217 333 0.38
217 335 0.26
217 104 0.5
217 158 0.36
217 105 0.51
217 269 0.37
219 216 0.64
219 245 0.4
219 145 0.62
219 94 0.32
219 311 0.65
219 314 0.59
219 31 0.35
219 191 0.72
219 263 0.31
219 197 0.57
219 339 0.65
219 340 0.67
219 342 0.46
219 447 0.43
219 531 0.5
219 450 0.34
219 437 0.47
219 58 0.61
219 533 0.35
219 382 0.33
219 503 0.37
219 394 0.45
219 400 0.47
219 36 0.51
220 240 0.72
220 308 0.68
220 247 0.53
220 97 0.4
220 485 0.33
220 3 0.49
220 254 0.66
220 281 0.6
220 99 0.74
220 176 0.66
220 257 0.33
220 20 0.44
220 193 0.44
220 125 0.52
220 285 0.69
220 180 0.63
220 33 0.34
220 141 0.69
220 332 0.27
220 198 0.26
220 343 0.65
220 155 0.46
220 491 0.66
220 435 0.44
220 128 0.26
221 80 0.56
221 328 0.27
222 238 0.38
222 419 0.56
222 11 0.59
222 96 0.64
222 220 0.26
222 113 0.62
222 140 0.58
222 85 0.29
222 41 0.35
222 198 0.31
222 345 0.7
222 70 0.51
222 58 0.63
222 494 0.35
222 66 0.59
222 513 0.7
223 121 0.52
223 250 0.66
223 100 0.65
223 263 0.33
223 141 0.41
223 335 0.44
223 44 0.61
223 75 0.62
224 214 0.44
224 164 0.47
224 189 0.3
224 168 0.7
224 227 0.45
224 151 0.73
224 199 0.44
224 43 0.4
224 489 0.3
224 520 0.66
225 84 0.73
225 150 0.49
225 336 0.72
225 34 0.5
225 267 0.44
226 80 0.62
226 5 0.6
226 341 0.53
226 407 0.73
226 518 0.27
226 156 0.28
226 236 0.61
226 366 0.3
226 533 0.38
226 430 0.28
227 178 0.6
227 259 0.63
227 70 0.35
227 492 0.29
228 145 0.65
230 153 0.4
230 87 0.7
232 67 0.69
232 496 0.37
232 70 0.66
233 121 0.37
233 14 0.72
233 125 0.65
233 487 0.32
233 70 0.66
233 48 0.61
233 360 0.54
233 361 0.73
235 209 0.43
235 471 0.47
235 41 0.6
235 366 0.42
235 296 0.5
235 477 0.54
236 310 0.66
236 40 0.5
236 442 0.65
236 444 0.28
236 46 0.47
236 76 0.29
236 204 0.27
236 381 0.74
236 390 0.68
238 103 0.39
238 36 0.28
239 29 0.41
239 82 0.3
239 198 0.3
239 127 0.67
239 45 0.54
239 532 0.33
239 430 0.65
239 87 0.74
240 123 0.33
240 348 0.37
240 58 0.62
241 214 0.6
241 419 0.36
241 187 0.57
241 147 0.65
241 279 0.72
241 217 0.47
241 280 0.46
241 248 0.66
241 96 0.54
241 30 0.33
241 252 0.33
241 319 0.57
241 258 0.44
241 139 0.48
241 149 0.29
241 141 0.44
241 169 0.33
241 516 0.63
241 335 0.53
241 152 0.27
241 343 0.57
241 155 0.3
241 157 0.3
241 355 0.35
241 160 0.46
241 358 0.6
241 474 0.46
241 293 0.37
241 294 0.49
241 76 0.58
241 56 0.61
241 452 0.53
241 58 0.45
241 378 0.35
241 456 0.71
241 382 0.64
241 66 0.44
242 327 0.58
242 423 0.34
242 487 0.66
242 127 0.34
242 34 0.56
242 520 0.61
242 53 0.4
242 475 0.29
244 275 0.37
245 28 0.64
245 417 0.3
246 67 0.52
246 37 0.55
246 517 0.68
246 199 0.48
247 252 0.69
247 406 0.71
247 160 0.6
248 29 0.26
248 97 0.72
248 257 0.53
248 442 0.73
248 160 0.7
248 357 0.42
249 238 0.33
249 300 0.75
249 301 0.26
249 120 0.47
249 130 0.73
249 245 0.52
249 145 0.65
249 308 0.31
249 217 0.4
249 220 0.49
249 67 0.68
249 37 0.55
249 319 0.41
249 222 0.66
249 258 0.37
249 136 0.7
249 325 0.51
249 224 0.44
249 140 0.56
249 262 0.73
249 141 0.34
249 226 0.45
249 150 0.51
249 228 0.63
249 333 0.31
249 486 0.35
249 103 0.56
249 230 0.68
249 45 0.68
249 106 0.36
249 74 0.29
249 53 0.69
249 161 0.27
249 364 0.6
249 86 0.44
249 380 0.4
249 534 0.49
249 385 0.65
249 535 0.61
249 389 0.63
249 396 0.26
249 508 0.44
249 405 0.51
249 509 0.32
249 208 0.28
249 510 0.53
249 512 0.68
249 144 0.34
250 471 0.57
250 45 0.34
250 291 0.31
250 74 0.33
250 475 0.61
251 300 0.36
251 121 0.68
251 14 0.67
251 282 0.73
251 283 0.74
251 37 0.64
251 222 0.26
251 58 0.56
252 273 0.75
254 220 0.39
254 113 0.34
255 425 0.39
256 278 0.61
256 220 0.35
256 35 0.4
258 80 0.7
258 31 0.49
258 126 0.63
258 198 0.61
258 157 0.27
258 210 0.6
259 250 0.61
259 100 0.64
259 290 0.25
259 444 0.38
259 71 0.69
259 428 0.46
259 160 0.69
259 474 0.71
259 293 0.44
259 361 0.68
259 475 0.29
259 450 0.62
259 66 0.48
260 301 0.28
260 419 0.52
260 308 0.57
260 99 0.62
262 217 0.73
262 485 0.61
262 188 0.72
262 38 0.47
262 32 0.48
262 102 0.5
262 464 0.68
262 34 0.53
262 35 0.51
262 354 0.46
262 416 0.38
262 498 0.31
262 418 0.56
262 361 0.58
262 492 0.62
263 183 0.6
263 216 0.26
263 186 0.74
263 1 0.37
263 145 0.68
263 97 0.38
263 220 0.6
263 224 0.41
263 170 0.35
263 196 0.75
263 230 0.56
263 337 0.51
263 425 0.36
263 34 0.27
265 211 0.32
267 126 0.5
267 171 0.62
269 448 0.29
269 296 0.48
272 31 0.4
272 502 0.66
272 526 0.42
272 388 0.42
272 394 0.3
272 174 0.67
272 401 0.63
272 462 0.73
274 214 0.44
274 301 0.46
274 129 0.41
274 483 0.33
274 215 0.5
274 305 0.59
274 164 0.34
274 275 0.56
274 279 0.64
274 249 0.69
274 250 0.43
274 313 0.31
274 206 0.53
274 30 0.63
274 251 0.42
274 167 0.53
274 136 0.34
274 322 0.44
274 137 0.6
274 33 0.64
274 140 0.52
274 262 0.52
274 414 0.66
274 423 0.29
274 153 0.4
274 42 0.32
274 200 0.44
274 345 0.64
274 348 0.42
274 498 0.26
274 355 0.31
274 520 0.41
274 417 0.53
274 474 0.65
274 53 0.57
274 294 0.63
274 436 0.29
274 162 0.5
274 86 0.45
275 300 0.36
275 302 0.44
275 304 0.43
275 240 0.3
275 80 0.64
275 12 0.53
275 81 0.31
275 2 0.44
275 31 0.47
275 220 0.35
275 282 0.26
275 284 0.69
275 19 0.58
275 4 0.7
275 70 0.45
275 71 0.5
275 353 0.5
275 73 0.65
275 171 0.46
275 362 0.59
275 236 0.5
275 455 0.4
275 87 0.51
276 238 0.33
276 300 0.71
276 119 0.6
276 216 0.45
276 122 0.34
276 244 0.46
276 1 0.61
276 11 0.56
276 313 0.49
276 2 0.75
276 30 0.64
276 110 0.5
276 284 0.4
276 136 0.46
276 264 0.5
276 170 0.74
276 153 0.58
276 6 0.42
276 156 0.62
276 345 0.51
276 143 0.42
276 234 0.27
276 428 0.42
276 448 0.68
277 243 0.71
277 123 0.63
277 196 0.26
278 91 0.59
279 300 0.65
279 119 0.28
279 91 0.74
279 14 0.29
279 139 0.58
279 149 0.37
280 117 0.37
280 214 0.4
280 120 0.4
280 147 0.6
280 80 0.32
280 95 0.35
280 251 0.57
280 31 0.4
280 133 0.56
280 67 0.55
280 282 0.34
280 283 0.45
280 340 0.6
284 14 0.63
284 100 0.68
284 331 0.3
284 103 0.64
284 341 0.53
284 379 0.52
284 458 0.48
285 186 0.55
285 286 0.65
285 328 0.32
285 170 0.68
285 153 0.51
285 4 0.36
285 354 0.7
285 87 0.45
287 375 0.38
289 178 0.46
289 486 0.65
289 41 0.29
289 44 0.67
289 72 0.4
290 238 0.51
290 249 0.46
290 485 0.69
290 312 0.57
290 31 0.47
290 190 0.35
290 406 0.59
290 259 0.72
290 423 0.45
290 265 0.71
290 518 0.4
290 7 0.57
290 155 0.7
290 426 0.39
290 34 0.52
290 69 0.39
290 71 0.49
290 472 0.7
290 47 0.61
290 354 0.63
290 48 0.38
290 416 0.55
290 498 0.5
290 410 0.67
290 160 0.6
290 51 0.52
290 429 0.74
290 163 0.31
290 56 0.39
290 66 0.73
291 213 0.61
291 303 0.75
291 37 0.46
291 332 0.71
291 39 0.68
291 68 0.33
291 444 0.68
291 71 0.67
291 46 0.5
291 50 0.31
291 411 0.27
291 448 0.47
291 449 0.61
291 492 0.38
291 295 0.67
291 366 0.66
291 368 0.46
291 163 0.54
291 128 0.48
291 452 0.66
291 377 0.64
291 270 0.67
291 408 0.71
291 456 0.52
291 77 0.71
291 379 0.61
292 79 0.57
292 304 0.53
292 508 0.36
293 240 0.57
293 96 0.45
293 515 0.62
293 167 0.67
293 152 0.58
293 44 0.31
293 34 0.68
293 520 0.28
293 50 0.36
293 53 0.48
293 524 0.54
294 79 0.31
294 486 0.34
294 518 0.65
294 71 0.31
294 472 0.29
294 428 0.27
294 106 0.72
294 364 0.31
294 502 0.73
294 372 0.64
294 374 0.3
294 480 0.6
294 393 0.71
294 403 0.48
294 65 0.32
295 67 0.43
295 332 0.7
296 79 0.7
296 317 0.41
296 141 0.55
296 339 0.44
296 444 0.72
296 472 0.53
296 428 0.39
296 236 0.31
296 366 0.4
296 76 0.39
296 379 0.29
297 304 0.37
297 317 0.49
297 45 0.46
297 532 0.74
297 201 0.57
297 430 0.27
297 394 0.39
298 383 0.25
298 433 0.47
298 208 0.51
299 534 0.3
300 483 0.65
300 120 0.66
300 279 0.74
300 206 0.4
300 100 0.6
300 325 0.44
300 260 0.57
300 289 0.7
300 71 0.46
301 273 0.32
301 129 0.29
301 89 0.58
301 29 0.6
301 11 0.59
301 93 0.26
301 279 0.64
301 12 0.72
301 420 0.72
301 134 0.55
301 148 0.31
301 21 0.31
301 180 0.71
301 423 0.31
301 170 0.37
301 266 0.63
301 336 0.44
301 392 0.42
301 212 0.3
302 14 0.5
302 141 0.31
302 106 0.5
303 310 0.7
303 407 0.57
303 202 0.41
303 389 0.63
304 500 0.41
304 454 0.71
304 87 0.66
304 394 0.33
304 510 0.51
307 30 0.41
307 260 0.32
307 137 0.59
307 25 0.37
308 79 0.62
308 300 0.33
308 482 0.25
308 303 0.7
308 240 0.44
308 184 0.3
308 131 0.57
308 245 0.42
308 279 0.47
308 94 0.7
308 248 0.71
308 95 0.38
308 420 0.5
308 218 0.31
308 188 0.29
308 255 0.29
308 17 0.34
308 99 0.59
308 421 0.47
308 318 0.54
308 258 0.36
308 168 0.61
308 321 0.25
308 20 0.72
308 223 0.56
308 38 0.45
308 327 0.74
308 101 0.55
308 328 0.32
308 422 0.55
308 227 0.66
308 333 0.64
308 85 0.31
308 424 0.59
308 142 0.75
308 39 0.4
308 289 0.31
308 341 0.34
308 154 0.5
308 441 0.34
308 343 0.38
308 34 0.64
308 443 0.63
308 157 0.41
308 352 0.64
308 491 0.26
308 416 0.41
308 105 0.28
308 106 0.29
308 293 0.43
308 295 0.75
308 373 0.45
308 376 0.59
308 270 0.57
308 454 0.59
308 534 0.55
308 384 0.35
308 526 0.68
308 511 0.43
308 529 0.4
308 512 0.42
308 144 0.57
309 29 0.68
309 246 0.61
309 124 0.33
309 96 0.39
309 264 0.56
309 152 0.36
309 442 0.42
309 233 0.25
309 355 0.36
309 435 0.74
311 105 0.53
311 467 0.56
311 455 0.59
312 409 0.42
312 188 0.38
312 422 0.58
312 152 0.4
312 355 0.41
312 474 0.45
313 108 0.35
313 92 0.47
313 276 0.61
313 278 0.28
313 13 0.64
313 280 0.3
313 2 0.67
313 166 0.65
313 315 0.35
313 257 0.62
313 399 0.71
314 147 0.33
314 280 0.39
314 96 0.68
314 312 0.5
314 132 0.69
314 256 0.28
314 317 0.7
314 100 0.46
314 260 0.55
314 224 0.37
314 424 0.54
314 6 0.55
314 159 0.37
314 367 0.41
314 477 0.52
314 377 0.6
314 386 0.71
315 14 0.59
315 193 0.75
315 36 0.49
317 248 0.72
317 97 0.45
317 101 0.66
317 442 0.62
317 444 0.35
317 236 0.34
318 213 0.42
318 123 0.26
318 67 0.51
318 38 0.35
318 326 0.26
318 33 0.33
318 518 0.7
318 45 0.74
318 157 0.46
318 235 0.67
318 467 0.69
318 368 0.58
319 273 0.52
319 305 0.48
319 164 0.64
319 169 0.73
319 331 0.27
319 439 0.29
319 158 0.57
319 177 0.5
319 355 0.42
319 9 0.69
319 418 0.53
319 293 0.3
320 500 0.33
320 161 0.46
322 487 0.74
322 342 0.37
322 70 0.3
322 472 0.35
324 33 0.43
324 50 0.47
324 87 0.69
325 193 0.7
325 286 0.26
327 14 0.6
327 30 0.49
327 439 0.56
327 43 0.66
327 106 0.37
327 268 0.67
328 186 0.29
328 97 0.31
328 17 0.67
328 285 0.26
328 84 0.61
328 230 0.6
329 29 0.52
329 206 0.41
329 99 0.57
329 67 0.45
329 167 0.62
329 25 0.55
329 170 0.75
329 39 0.26
329 520 0.57
329 54 0.54
329 430 0.61
330 70 0.49
330 365 0.34
330 36 0.55
331 29 0.71
331 314 0.49
331 67 0.57
331 38 0.58
331 156 0.56
331 490 0.31
331 158 0.3
331 58 0.28
332 335 0.4
332 489 0.5
332 355 0.71
332 474 0.44
332 52 0.72
332 171 0.56
332 203 0.68
333 79 0.46
333 217 0.49
333 67 0.32
333 320 0.58
333 289 0.65
333 153 0.58
333 518 0.51
333 155 0.31
333 70 0.4
333 472 0.59
333 353 0.75
333 428 0.41
333 50 0.63
333 115 0.39
333 116 0.66
333 59 0.57
333 430 0.44
333 384 0.37
333 396 0.6
334 10 0.3
334 168 0.58
335 37 0.27
335 328 0.35
335 105 0.67
335 161 0.71
336 123 0.26
336 165 0.35
336 314 0.49
336 18 0.7
336 320 0.45
336 72 0.52
336 429 0.64
336 270 0.35
336 384 0.27
336 208 0.61
338 121 0.37
338 147 0.64
338 14 0.35
338 311 0.44
338 31 0.54
338 67 0.65
338 317 0.47
338 469 0.49
338 265 0.69
338 486 0.54
338 39 0.51
338 209 0.47
338 440 0.37
338 5 0.51
338 517 0.44
338 407 0.39
338 45 0.34
338 233 0.37
338 69 0.44
338 415 0.52
338 46 0.55
338 47 0.3
338 350 0.3
338 411 0.39
338 447 0.63
338 106 0.41
338 357 0.29
338 369 0.29
338 452 0.47
338 172 0.72
338 201 0.63
338 376 0.33
338 456 0.65
338 65 0.44
339 290 0.38
339 41 0.7
339 210 0.49
339 437 0.28
339 372 0.42
341 303 0.7
341 185 0.27
341 338 0.45
341 518 0.31
341 69 0.42
341 70 0.48
341 46 0.71
341 73 0.4
341 361 0.34
341 75 0.28
341 429 0.44
341 501 0.59
341 128 0.52
341 211 0.69
341 87 0.48
342 79 0.54
342 515 0.45
342 333 0.61
342 336 0.5
342 45 0.51
342 233 0.7
342 161 0.41
343 482 0.63
343 305 0.48
343 423 0.42
343 486 0.69
343 336 0.61
343 41 0.5
343 517 0.68
343 35 0.72
343 416 0.3
343 450 0.75
343 201 0.64
343 375 0.51
343 270 0.7
344 305 0.63
344 346 0.36
344 426 0.44
344 267 0.37
344 466 0.68
348 213 0.65
348 482 0.44
348 121 0.66
348 250 0.61
348 469 0.41
348 439 0.49
348 440 0.72
348 339 0.38
348 127 0.52
348 233 0.37
348 519 0.43
348 444 0.37
348 472 0.34
348 46 0.45
348 143 0.52
348 210 0.55
348 411 0.33
348 292 0.41
348 359 0.67
348 181 0.52
348 367 0.56
348 57 0.73
348 453 0.25
348 478 0.59
348 269 0.26
348 479 0.34
348 77 0.48
348 430 0.68
349 484 0.43
349 9 0.43
350 96 0.31
350 327 0.71
350 335 0.57
350 34 0.61
350 444 0.45
351 31 0.68
351 331 0.47
351 290 0.32
351 177 0.29
351 235 0.27
351 204 0.32
353 368 0.47
353 385 0.68
355 309 0.75
355 67 0.38
355 439 0.59
355 153 0.68
355 70 0.64
357 302 0.38
357 240 0.28
357 152 0.57
357 153 0.44
357 353 0.26
357 502 0.72
357 57 0.31
357 526 0.36
358 100 0.45
358 265 0.26
358 335 0.28
358 209 0.72
358 518 0.68
358 496 0.69
358 46 0.42
358 291 0.49
358 349 0.43
358 72 0.26
358 448 0.66
358 474 0.55
358 359 0.37
358 236 0.37
358 376 0.66
358 480 0.65
358 382 0.66
358 87 0.68
358 65 0.35
359 41 0.67
359 42 0.67
359 34 0.45
359 444 0.35
359 8 0.72
359 293 0.66
359 236 0.41
359 161 0.61
359 460 0.66
363 79 0.29
363 348 0.67
363 353 0.29
363 455 0.45
365 67 0.4
365 396 0.62
365 399 0.32
366 43 0.56
366 156 0.48
366 71 0.69
366 428 0.56
366 521 0.65
366 500 0.74
366 171 0.43
366 450 0.39
366 367 0.31
366 501 0.7
366 76 0.33
366 452 0.59
366 371 0.29
366 453 0.58
366 479 0.29
366 270 0.38
366 87 0.68
366 208 0.53
367 302 0.31
367 147 0.73
367 357 0.64
367 358 0.52
367 294 0.27
367 75 0.74
367 450 0.65
368 429 0.33
368 57 0.28
368 430 0.74
370 304 0.49
370 324 0.49
370 366 0.3
370 493 0.36
370 86 0.7
370 58 0.57
370 211 0.41
370 380 0.74
370 468 0.44
370 513 0.4
372 240 0.69
372 421 0.47
372 324 0.65
372 265 0.61
372 486 0.38
372 127 0.27
372 69 0.54
372 268 0.72
372 75 0.59
372 429 0.54
372 115 0.38
372 76 0.64
372 296 0.48
372 58 0.69
372 389 0.52
372 390 0.32
372 432 0.4
372 460 0.5
373 240 0.39
373 316 0.3
373 317 0.3
373 516 0.66
373 486 0.73
373 76 0.28
373 297 0.28
373 480 0.31
374 204 0.28
374 66 0.57
378 531 0.74
378 370 0.58
378 455 0.31
378 299 0.3
378 534 0.34
378 87 0.3
380 240 0.35
380 516 0.55
380 268 0.69
380 480 0.7
381 535 0.58
381 432 0.31
382 53 0.74
382 533 0.49
382 272 0.29
382 405 0.71
385 79 0.31
385 531 0.55
385 378 0.67
385 454 0.4
385 455 0.7
385 382 0.68
385 87 0.53
385 510 0.45
386 306 0.71
386 341 0.7
386 87 0.6
386 402 0.75
387 518 0.54
387 211 0.71
387 395 0.34
390 174 0.48
391 394 0.35
392 304 0.25
392 86 0.31
392 394 0.49
393 531 0.48
393 454 0.49
393 211 0.41
393 457 0.37
393 299 0.65
393 386 0.68
393 174 0.45
393 399 0.39
393 401 0.33
393 402 0.74
393 527 0.52
393 528 0.4
393 78 0.42
393 208 0.63
393 510 0.67
394 512 0.62
398 513 0.26
400 455 0.68
400 459 0.28
406 257 0.53
407 249 0.34
407 343 0.68
407 70 0.54
407 451 0.39
407 376 0.29
408 460 0.68
410 465 0.48
411 327 0.33
411 141 0.54
411 153 0.28
411 233 0.72
411 70 0.25
411 500 0.61
411 171 0.42
411 366 0.36
411 172 0.72
411 430 0.38
413 423 0.33
413 70 0.42
413 411 0.54
413 429 0.45
413 451 0.62
415 305 0.33
415 413 0.45
415 423 0.58
415 9 0.47
415 54 0.55
415 364 0.72
418 45 0.71
418 295 0.6
418 115 0.3
418 163 0.49
418 57 0.52
418 61 0.43
418 63 0.46
418 208 0.34
419 305 0.34
419 178 0.28
419 122 0.37
419 514 0.75
419 96 0.41
419 83 0.64
419 190 0.55
419 167 0.58
419 223 0.27
419 260 0.55
419 125 0.32
419 327 0.27
419 422 0.34
419 423 0.38
419 85 0.68
419 197 0.68
419 43 0.73
419 154 0.37
419 425 0.53
419 348 0.58
419 444 0.53
419 71 0.71
419 497 0.66
419 158 0.73
419 352 0.32
419 72 0.33
419 73 0.42
419 48 0.68
419 446 0.47
419 428 0.67
419 418 0.73
419 475 0.38
419 493 0.27
419 368 0.26
419 373 0.59
419 392 0.3
419 144 0.73
420 29 0.67
420 20 0.5
422 184 0.4
422 38 0.67
422 170 0.44
422 143 0.59
423 214 0.58
423 304 0.25
423 30 0.73
423 322 0.64
423 263 0.65
423 169 0.36
423 150 0.42
423 142 0.41
423 334 0.68
423 471 0.68
423 197 0.36
423 425 0.61
423 346 0.31
423 233 0.63
423 472 0.26
423 267 0.65
423 465 0.37
423 360 0.27
423 62 0.52
424 146 0.41
424 165 0.4
424 249 0.61
424 38 0.36
424 331 0.32
424 423 0.58
424 290 0.31
424 41 0.52
424 104 0.33
424 70 0.31
427 147 0.4
427 38 0.27
427 330 0.3
427 343 0.3
427 45 0.74
427 158 0.48
427 210 0.47
427 360 0.71
427 492 0.5
427 211 0.33
427 395 0.55
428 217 0.66
428 31 0.35
428 67 0.66
428 319 0.7
428 100 0.45
428 141 0.63
428 71 0.35
428 355 0.5
429 240 0.44
429 10 0.71
429 147 0.48
429 311 0.43
429 141 0.62
429 152 0.36
429 442 0.48
429 444 0.56
429 350 0.53
429 351 0.34
429 499 0.68
429 359 0.26
429 449 0.38
429 294 0.59
429 450 0.39
429 493 0.55
429 501 0.41
429 451 0.75
429 523 0.35
429 377 0.73
429 116 0.26
429 533 0.73
429 298 0.74
429 480 0.31
432 381 0.71
432 535 0.35
434 399 0.34
434 433 0.69
436 513 0.74
437 500 0.49
437 211 0.49
437 381 0.73
437 87 0.52
438 486 0.61
438 45 0.4
438 477 0.39
438 376 0.58
438 211 0.53
439 214 0.39
439 191 0.68
439 26 0.56
439 157 0.72
439 177 0.6
439 61 0.61
440 442 0.26
442 305 0.66
442 178 0.36
442 217 0.39
442 314 0.69
442 316 0.49
442 317 0.42
442 486 0.37
442 424 0.59
442 43 0.51
442 7 0.26
442 156 0.48
442 427 0.47
442 70 0.36
442 444 0.41
442 445 0.3
442 520 0.73
442 465 0.57
442 521 0.7
442 474 0.45
442 171 0.3
442 75 0.71
442 437 0.49
442 162 0.53
442 429 0.49
442 365 0.35
442 368 0.68
442 163 0.33
442 451 0.42
442 128 0.28
442 172 0.65
442 477 0.39
442 373 0.29
442 269 0.34
442 455 0.64
442 59 0.71
442 382 0.36
442 534 0.35
442 392 0.5
442 395 0.72
442 460 0.74
442 402 0.74
442 78 0.37
442 468 0.53
442 513 0.59
444 147 0.59
444 167 0.65
444 516 0.54
444 209 0.68
444 70 0.64
444 411 0.74
444 106 0.74
444 449 0.4
444 522 0.7
444 75 0.56
444 493 0.51
444 115 0.62
444 369 0.65
444 370 0.53
444 172 0.75
444 269 0.4
444 66 0.61
445 121 0.74
445 486 0.54
445 438 0.36
445 43 0.43
445 442 0.64
445 156 0.64
445 351 0.63
445 447 0.36
445 106 0.72
445 449 0.27
445 368 0.65
445 453 0.55
445 478 0.31
448 240 0.58
448 37 0.36
448 259 0.37
448 39 0.49
448 338 0.6
448 42 0.33
448 442 0.64
448 348 0.72
448 49 0.52
448 235 0.33
448 411 0.26
448 162 0.48
448 115 0.47
448 128 0.31
448 370 0.31
448 376 0.57
448 455 0.67
448 383 0.62
448 534 0.27
449 171 0.45
450 338 0.3
450 127 0.35
450 69 0.53
450 350 0.46
450 428 0.72
450 411 0.32
450 65 0.36
451 121 0.6
451 31 0.43
451 472 0.46
451 447 0.57
451 128 0.67
451 66 0.55
452 303 0.72
452 240 0.35
452 31 0.65
452 141 0.41
452 41 0.49
452 496 0.4
452 415 0.32
452 210 0.34
452 522 0.49
452 475 0.62
452 294 0.67
452 367 0.44
452 115 0.59
452 172 0.68
452 373 0.43
452 377 0.71
452 270 0.74
452 202 0.46
452 298 0.45
454 41 0.66
454 156 0.44
454 415 0.4
454 72 0.62
454 473 0.56
454 367 0.32
454 451 0.34
454 408 0.69
454 173 0.26
454 524 0.31
455 304 0.5
455 31 0.5
455 22 0.45
455 518 0.71
455 496 0.53
455 73 0.67
455 450 0.36
455 370 0.34
455 86 0.72
455 373 0.3
455 383 0.74
455 384 0.66
455 431 0.49
455 389 0.51
455 504 0.69
455 404 0.4
456 77 0.48
459 382 0.56
459 458 0.31
459 272 0.65
459 401 0.44
459 404 0.51
459 513 0.53
462 402 0.58
464 123 0.58
464 190 0.4
464 317 0.67
464 441 0.43
464 156 0.3
464 236 0.67
464 366 0.73
464 383 0.7
466 319 0.46
466 464 0.39
469 79 0.35
469 42 0.71
469 376 0.46
470 369 0.7
470 296 0.55
470 172 0.39
470 65 0.42
471 57 0.32
472 209 0.41
472 152 0.62
472 106 0.56
472 296 0.45
472 386 0.64
473 310 0.48
473 486 0.43
473 471 0.47
473 73 0.58
473 292 0.33
473 448 0.39
473 294 0.58
473 436 0.49
473 367 0.37
473 296 0.38
473 377 0.37
473 116 0.51
473 271 0.45
473 65 0.54
479 351 0.44
479 473 0.69
480 72 0.25
480 475 0.4
480 430 0.58
482 121 0.48
482 414 0.35
482 177 0.52
482 267 0.61
483 33 0.42
485 240 0.52
485 484 0.26
485 249 0.42
485 177 0.68
485 76 0.46
485 65 0.57
486 121 0.52
486 147 0.71
486 133 0.59
486 516 0.66
486 353 0.74
486 72 0.39
486 73 0.68
486 50 0.28
486 292 0.62
486 367 0.55
486 383 0.38
486 87 0.52
486 400 0.26
486 510 0.32
486 36 0.4
486 65 0.64
487 304 0.42
487 45 0.42
488 240 0.7
488 150 0.49
488 143 0.65
489 18 0.55
489 153 0.64
489 70 0.56
489 354 0.71
489 361 0.6
489 128 0.47
490 157 0.5
493 156 0.26
493 45 0.34
493 358 0.63
493 115 0.74
495 459 0.63
496 385 0.51
496 392 0.46
497 290 0.44
497 143 0.26
499 240 0.45
499 406 0.58
499 332 0.47
499 70 0.37
499 71 0.48
499 158 0.54
499 428 0.53
499 418 0.56
499 474 0.52
499 359 0.6
499 52 0.33
499 144 0.27
500 341 0.29
500 43 0.68
500 472 0.37
500 53 0.57
500 375 0.52
500 377 0.41
500 386 0.3
502 314 0.49
502 202 0.73
502 382 0.4
502 390 0.72
503 79 0.59
503 427 0.35
503 391 0.37
503 399 0.5
503 462 0.41
504 79 0.7
508 398 0.55
508 510 0.25
509 512 0.71
515 345 0.59
515 392 0.31
516 61 0.53
516 430 0.51
516 387 0.32
516 66 0.25
517 121 0.65
517 332 0.74
517 71 0.45
517 351 0.56
517 235 0.69
517 411 0.73
517 358 0.55
517 171 0.62
517 294 0.34
517 270 0.68
517 77 0.29
518 425 0.3
518 50 0.58
518 358 0.56
518 161 0.39
518 376 0.47
518 58 0.4
518 504 0.63
518 396 0.41
519 150 0.51
520 406 0.63
520 423 0.26
520 153 0.28
520 7 0.35
520 155 0.29
520 234 0.51
521 309 0.43
521 14 0.62
521 310 0.29
521 67 0.33
521 324 0.27
521 438 0.58
521 152 0.55
521 40 0.56
521 338 0.27
521 442 0.72
521 444 0.36
521 355 0.41
521 357 0.51
521 293 0.7
521 500 0.73
521 449 0.5
521 295 0.71
521 435 0.43
521 368 0.48
521 369 0.31
521 376 0.41
521 66 0.62
522 348 0.71
522 472 0.74
522 106 0.39
522 161 0.45
523 240 0.39
523 486 0.36
523 41 0.54
523 272 0.51
525 211 0.69
525 383 0.61
526 385 0.55
530 256 0.55
531 314 0.27
531 330 0.27
531 341 0.42
531 393 0.5
532 96 0.64
534 304 0.53
534 53 0.32
534 380 0.52
534 525 0.42
534 299 0.56
534 384 0.31
534 393 0.61
534 433 0.28
535 330 0.73
535 341 0.3
535 353 0.71
535 531 0.46
535 53 0.41
535 373 0.42
535 58 0.29
535 455 0.73
535 380 0.74
535 525 0.27
535 382 0.35
535 387 0.66
535 503 0.55
535 87 0.48
535 389 0.31
535 393 0.45
535 395 0.66
535 397 0.59
