0 1 0.7
0 2 0.28
0 3 0.54
0 4 0.54
0 5 0.47
0 6 0.38
0 7 0.54
0 8 0.3
0 9 0.35
0 10 0.4
1 11 0.61
1 12 0.71
1 13 0.69
1 14 0.49
1 15 0.26
1 16 0.51
1 17 0.66
1 18 0.41
1 19 0.51
2 20 0.42
2 21 0.38
2 22 0.75
2 23 0.45
2 24 0.38
2 25 0.52
2 26 0.74
2 27 0.58
2 28 0.37
2 29 0.68
4 30 0.73
4 31 0.49
4 32 0.48
4 33 0.28
4 34 0.52
4 35 0.28
4 36 0.25
4 37 0.51
4 38 0.58
4 39 0.46
5 40 0.27
5 41 0.51
5 42 0.74
5 43 0.26
5 44 0.26
5 45 0.68
5 46 0.55
5 47 0.72
5 48 0.59
5 49 0.48
5 50 0.68
7 51 0.31
7 52 0.3
7 53 0.41
7 54 0.59
7 55 0.46
7 56 0.74
7 57 0.64
7 58 0.58
7 59 0.37
11 60 0.48
11 61 0.65
11 62 0.7
11 63 0.69
11 64 0.7
11 65 0.54
11 66 0.54
11 26 0.52
11 67 0.43
11 68 0.27
12 21 0.27
12 22 0.28
12 69 0.34
12 23 0.67
12 65 0.41
12 70 0.3
12 25 0.5
12 27 0.74
12 71 0.71
12 72 0.4
14 73 0.61
15 60 0.73
15 61 0.65
15 63 0.27
15 24 0.68
15 74 0.42
15 75 0.74
15 76 0.71
15 26 0.53
15 77 0.63
15 78 0.69
16 79 0.38
16 80 0.41
16 81 0.5
16 82 0.74
16 83 0.34
16 84 0.71
16 85 0.56
16 86 0.35
16 87 0.38
16 88 0.44
17 13 0.39
17 89 0.51
17 90 0.65
17 91 0.27
17 92 0.61
17 93 0.6
17 94 0.32
17 95 0.49
17 96 0.63
17 97 0.72
18 98 0.58
18 99 0.43
18 100 0.36
18 101 0.48
18 102 0.6
18 92 0.66
18 103 0.4
18 104 0.75
18 105 0.46
18 106 0.61
20 107 0.58
20 108 0.47
20 109 0.65
20 110 0.43
20 111 0.45
20 112 0.64
20 113 0.48
20 114 0.3
20 115 0.5
20 116 0.67
21 117 0.26
21 23 0.75
21 63 0.67
21 118 0.48
21 65 0.71
21 119 0.34
21 70 0.72
21 120 0.51
21 121 0.36
21 122 0.73
22 60 0.59
22 20 0.51
22 123 0.59
22 64 0.72
22 124 0.54
22 24 0.55
22 125 0.61
22 126 0.49
22 127 0.27
22 78 0.5
23 118 0.44
23 128 0.39
23 129 0.58
23 65 0.64
23 66 0.43
23 130 0.73
23 74 0.52
23 131 0.42
23 132 0.37
23 68 0.71
24 133 0.39
24 134 0.31
24 135 0.46
24 136 0.74
24 137 0.33
24 138 0.32
24 139 0.26
24 140 0.69
24 141 0.42
24 142 0.34
25 118 0.61
25 124 0.68
25 24 0.69
25 74 0.64
25 131 0.58
25 75 0.27
25 76 0.37
25 26 0.47
25 126 0.65
25 132 0.35
27 60 0.59
27 143 0.49
27 21 0.57
27 69 0.31
27 144 0.29
27 63 0.67
27 145 0.7
27 78 0.66
27 146 0.26
27 147 0.26
30 148 0.39
30 23 0.7
30 149 0.75
30 64 0.54
30 66 0.4
30 70 0.37
30 120 0.58
30 72 0.29
30 121 0.49
30 150 0.59
33 151 0.52
33 152 0.49
33 31 0.57
33 153 0.68
33 154 0.5
33 92 0.62
33 155 0.35
33 156 0.39
33 35 0.49
33 157 0.49
35 120 0.74
35 158 0.62
35 159 0.51
35 82 0.59
35 160 0.66
35 161 0.58
35 162 0.33
35 163 0.31
35 164 0.6
35 165 0.4
36 166 0.39
36 167 0.34
36 168 0.66
36 169 0.27
36 170 0.64
36 171 0.54
36 172 0.31
36 173 0.42
40 174 0.26
40 175 0.39
40 176 0.5
40 177 0.44
40 178 0.5
40 179 0.52
40 180 0.45
40 181 0.59
40 182 0.56
40 113 0.27
41 183 0.67
41 184 0.3
41 185 0.6
41 186 0.58
41 187 0.57
41 188 0.49
41 189 0.74
42 190 0.28
42 191 0.41
42 192 0.33
42 193 0.3
42 194 0.54
42 195 0.38
42 196 0.42
42 197 0.61
42 198 0.32
42 199 0.6
43 200 0.42
43 201 0.39
43 202 0.41
43 203 0.32
43 204 0.52
43 205 0.64
43 206 0.69
43 207 0.29
43 208 0.69
43 209 0.56
44 210 0.59
44 211 0.4
44 212 0.61
44 213 0.44
44 214 0.38
44 215 0.37
44 216 0.29
44 217 0.34
44 218 0.31
44 219 0.37
48 220 0.29
48 221 0.31
48 222 0.45
48 86 0.6
48 223 0.35
48 224 0.58
48 225 0.3
48 226 0.37
48 227 0.56
61 228 0.4
61 229 0.59
61 230 0.75
61 231 0.55
61 232 0.62
61 233 0.73
61 234 0.3
61 235 0.72
61 236 0.74
61 237 0.46
63 60 0.51
63 20 0.7
63 123 0.69
63 238 0.56
63 118 0.43
63 128 0.71
63 64 0.51
63 129 0.49
63 124 0.63
63 24 0.49
64 239 0.39
64 240 0.35
64 241 0.36
64 192 0.56
64 242 0.63
64 243 0.57
64 244 0.71
64 245 0.41
64 246 0.57
65 247 0.47
65 248 0.34
65 249 0.42
65 250 0.72
65 251 0.71
65 252 0.4
65 253 0.44
65 254 0.74
65 255 0.44
65 256 0.62
66 148 0.55
66 123 0.27
66 238 0.7
66 128 0.66
66 124 0.43
66 119 0.47
66 75 0.56
66 28 0.6
66 257 0.63
67 258 0.69
67 259 0.54
67 260 0.6
67 261 0.68
67 262 0.32
67 263 0.26
67 264 0.32
67 265 0.72
67 266 0.74
67 267 0.34
70 20 0.63
70 123 0.71
70 22 0.65
70 130 0.67
70 25 0.65
70 126 0.3
70 127 0.42
70 268 0.41
70 269 0.68
70 121 0.28
72 270 0.42
72 271 0.47
72 212 0.45
72 272 0.29
72 273 0.29
72 274 0.49
72 275 0.29
72 276 0.43
72 277 0.69
72 278 0.36
77 279 0.37
77 280 0.4
77 91 0.68
77 281 0.36
77 282 0.36
77 283 0.61
77 284 0.47
77 285 0.32
77 286 0.61
77 287 0.57
78 148 0.36
78 143 0.71
78 69 0.35
78 64 0.29
78 288 0.73
78 70 0.59
78 145 0.66
78 71 0.3
78 289 0.31
78 290 0.6
80 291 0.58
83 292 0.43
83 293 0.71
83 294 0.48
83 295 0.71
83 296 0.55
83 297 0.38
83 298 0.62
83 299 0.35
83 300 0.57
89 301 0.66
92 302 0.67
92 303 0.54
92 304 0.32
92 305 0.5
92 54 0.27
92 306 0.73
92 307 0.73
92 308 0.33
92 309 0.37
92 310 0.61
93 311 0.66
93 312 0.34
93 313 0.71
93 314 0.31
93 315 0.38
93 316 0.31
93 317 0.29
93 318 0.72
93 319 0.48
93 320 0.7
99 61 0.5
99 63 0.49
99 64 0.56
99 26 0.56
99 145 0.3
99 71 0.47
99 72 0.45
99 121 0.65
99 29 0.52
99 105 0.54
100 321 0.61
100 322 0.59
100 101 0.3
100 323 0.52
100 324 0.62
100 325 0.69
100 326 0.64
100 327 0.7
100 328 0.28
100 329 0.72
101 330 0.26
101 331 0.63
101 332 0.57
101 333 0.73
101 334 0.43
101 335 0.65
101 336 0.62
101 337 0.43
101 338 0.74
101 339 0.6
104 340 0.51
107 341 0.59
107 342 0.38
107 343 0.36
107 344 0.75
107 345 0.42
107 346 0.27
107 347 0.32
107 348 0.42
107 349 0.68
107 350 0.52
110 342 0.51
110 351 0.28
110 352 0.36
110 353 0.72
110 354 0.63
110 355 0.69
110 356 0.7
110 357 0.55
110 358 0.71
110 359 0.53
115 292 0.34
115 360 0.67
115 361 0.65
115 362 0.57
115 363 0.38
117 143 0.71
117 149 0.44
117 130 0.52
117 74 0.59
117 70 0.71
117 132 0.32
117 145 0.36
117 289 0.53
117 72 0.36
117 150 0.34
119 364 0.28
119 365 0.54
119 366 0.51
119 367 0.59
119 368 0.42
119 369 0.5
119 370 0.28
119 371 0.47
119 372 0.37
119 373 0.28
120 144 0.74
120 23 0.4
120 63 0.52
120 230 0.66
120 65 0.38
120 130 0.27
120 70 0.5
120 374 0.31
120 72 0.6
120 375 0.53
121 149 0.5
121 62 0.46
121 118 0.43
121 74 0.73
121 26 0.37
121 67 0.3
121 269 0.36
121 376 0.63
121 377 0.27
122 378 0.39
122 379 0.44
122 380 0.68
122 381 0.32
122 382 0.31
122 383 0.28
122 384 0.28
122 385 0.63
122 386 0.53
122 387 0.26
123 388 0.5
123 331 0.47
123 389 0.58
123 390 0.29
123 391 0.4
123 392 0.35
123 393 0.47
123 394 0.26
123 395 0.54
125 396 0.44
125 397 0.43
125 398 0.64
125 399 0.54
136 23 0.29
136 149 0.64
136 65 0.5
136 74 0.62
136 131 0.52
136 70 0.59
136 145 0.54
136 289 0.33
136 78 0.55
145 45 0.68
155 170 0.38
158 44 0.38
171 351 0.75
171 339 0.59
176 17 0.53
177 23 0.68
190 126 0.69
190 120 0.28
197 108 0.44
210 20 0.42
210 61 0.57
210 238 0.38
210 74 0.3
210 27 0.6
210 71 0.72
210 289 0.42
211 175 0.74
213 21 0.68
213 144 0.59
213 23 0.41
213 238 0.6
213 124 0.45
213 27 0.57
213 120 0.62
213 127 0.7
213 268 0.53
217 60 0.69
228 44 0.59
235 347 0.38
238 20 0.43
238 61 0.43
238 288 0.68
238 120 0.38
238 127 0.61
238 268 0.32
238 78 0.6
238 72 0.34
238 121 0.32
240 124 0.61
240 290 0.75
244 399 0.41
245 117 0.33
245 118 0.28
245 27 0.34
245 67 0.57
245 375 0.34
247 43 0.73
247 253 0.47
248 347 0.73
255 60 0.59
255 24 0.71
255 289 0.44
257 21 0.71
257 238 0.57
257 130 0.56
257 70 0.68
257 25 0.34
257 76 0.39
257 67 0.41
257 127 0.56
257 269 0.28
257 29 0.31
268 123 0.36
268 21 0.56
268 230 0.68
268 126 0.61
268 27 0.36
268 120 0.4
268 28 0.67
268 257 0.75
269 21 0.54
269 144 0.32
269 23 0.5
269 149 0.39
269 64 0.27
269 119 0.62
269 74 0.46
269 120 0.61
269 72 0.56
283 47 0.44
284 222 0.69
287 239 0.29
287 389 0.56
287 244 0.59
288 25 0.31
289 69 0.6
289 118 0.46
289 128 0.72
289 24 0.7
289 119 0.53
289 27 0.41
289 269 0.35
289 257 0.33
294 149 0.51
294 62 0.59
294 63 0.31
294 118 0.32
294 230 0.38
294 290 0.59
294 72 0.52
294 121 0.61
294 377 0.52
301 300 0.36
313 275 0.57
319 117 0.33
319 62 0.71
319 63 0.41
319 118 0.39
319 128 0.44
319 124 0.4
319 74 0.49
319 70 0.6
319 71 0.72
319 72 0.63
321 293 0.4
321 0 0.42
323 45 0.61
326 63 0.73
326 118 0.47
326 129 0.68
326 124 0.65
326 24 0.74
326 65 0.51
326 289 0.62
326 68 0.69
326 72 0.26
326 121 0.33
344 248 0.26
355 188 0.58
360 144 0.71
360 238 0.38
360 128 0.41
360 24 0.74
360 119 0.41
360 125 0.33
360 67 0.57
360 127 0.5
360 268 0.58
365 364 0.31
365 154 0.58
371 60 0.25
374 60 0.42
374 149 0.71
374 130 0.35
374 74 0.55
374 131 0.44
374 145 0.36
374 72 0.67
374 121 0.3
384 133 0.73
384 64 0.55
388 62 0.6
388 63 0.7
388 128 0.74
388 24 0.31
388 119 0.54
388 66 0.72
388 130 0.49
388 74 0.47
388 131 0.52
388 70 0.59
389 76 0.59
392 360 0.73
